taxi.map.left=-74.900001
taxi.map.top=41.174001
taxi.map.right=-72.699999
taxi.map.bottom=40.279999
taxi.map.gridWidth=160
taxi.map.gridHeight=86